0   0   1.93618
0   0.001   1.93696
0   0.002   1.93942
0   0.003   1.94394
0   0.004   1.95109
0   0.005   1.9617
0   0.006   1.97676
0   0.007   1.99742
0   0.008   2.02496
0   0.009   2.06075
0   0.01   2.10617
0.0353849   0   1.72338
0.0353849   0.001   1.72412
0.0353849   0.002   1.72645
0.0353849   0.003   1.73074
0.0353849   0.004   1.73758
0.0353849   0.005   1.74777
0.0353849   0.006   1.76232
0.0353849   0.007   1.78237
0.0353849   0.008   1.80922
0.0353849   0.009   1.84421
0.0353849   0.01   1.88875
0.0500837   0   1.52234
0.0500837   0.001   1.52303
0.0500837   0.002   1.52522
0.0500837   0.003   1.52929
0.0500837   0.004   1.53581
0.0500837   0.005   1.54559
0.0500837   0.006   1.55963
0.0500837   0.007   1.57908
0.0500837   0.008   1.60523
0.0500837   0.009   1.63942
0.0500837   0.01   1.68307
0.0613914   0   1.33316
0.0613914   0.001   1.33381
0.0613914   0.002   1.33587
0.0613914   0.003   1.33971
0.0613914   0.004   1.34591
0.0613914   0.005   1.35528
0.0613914   0.006   1.36881
0.0613914   0.007   1.38766
0.0613914   0.008   1.4131
0.0613914   0.009   1.4465
0.0613914   0.01   1.48927
0.0709485   0   1.15597
0.0709485   0.001   1.15657
0.0709485   0.002   1.1585
0.0709485   0.003   1.16211
0.0709485   0.004   1.168
0.0709485   0.005   1.17696
0.0709485   0.006   1.18998
0.0709485   0.007   1.20822
0.0709485   0.008   1.23296
0.0709485   0.009   1.26557
0.0709485   0.01   1.30746
0.0793901   0   0.990892
0.0793901   0.001   0.99145
0.0793901   0.002   0.993242
0.0793901   0.003   0.996628
0.0793901   0.004   1.00219
0.0793901   0.005   1.01074
0.0793901   0.006   1.02325
0.0793901   0.007   1.04089
0.0793901   0.008   1.06493
0.0793901   0.009   1.09675
0.0793901   0.01   1.13775
0.0870415   0   0.838043
0.0870415   0.001   0.838556
0.0870415   0.002   0.840214
0.0870415   0.003   0.843374
0.0870415   0.004   0.848622
0.0870415   0.005   0.856754
0.0870415   0.006   0.86876
0.0870415   0.007   0.885793
0.0870415   0.008   0.909136
0.0870415   0.009   0.940159
0.0870415   0.01   0.980277
0.0940959   0   0.697548
0.0940959   0.001   0.698016
0.0940959   0.002   0.699539
0.0940959   0.003   0.702474
0.0940959   0.004   0.707403
0.0940959   0.005   0.715122
0.0940959   0.006   0.72662
0.0940959   0.007   0.743048
0.0940959   0.008   0.765691
0.0940959   0.009   0.795921
0.0940959   0.01   0.835157
0.100679   0   0.569532
0.100679   0.001   0.569955
0.100679   0.002   0.571344
0.100679   0.003   0.574052
0.100679   0.004   0.578662
0.100679   0.005   0.585968
0.100679   0.006   0.596958
0.100679   0.007   0.612782
0.100679   0.008   0.634725
0.100679   0.009   0.664162
0.100679   0.01   0.702516
0.106878   0   0.454121
0.106878   0.001   0.4545
0.106878   0.002   0.455753
0.106878   0.003   0.458235
0.106878   0.004   0.462527
0.106878   0.005   0.46942
0.106878   0.006   0.479901
0.106878   0.007   0.49512
0.106878   0.008   0.516364
0.106878   0.009   0.545009
0.106878   0.01   0.582482
0.112757   0   0.351444
0.112757   0.001   0.351777
0.112757   0.002   0.352896
0.112757   0.003   0.355152
0.112757   0.004   0.359124
0.112757   0.005   0.365604
0.112757   0.006   0.375577
0.112757   0.007   0.390192
0.112757   0.008   0.410736
0.112757   0.009   0.43859
0.112757   0.01   0.475182
0.118363   0   0.261629
0.118363   0.001   0.261917
0.118363   0.002   0.262901
0.118363   0.003   0.264931
0.118363   0.004   0.268585
0.118363   0.005   0.274652
0.118363   0.006   0.284115
0.118363   0.007   0.298126
0.118363   0.008   0.317972
0.118363   0.009   0.345034
0.118363   0.01   0.380746
0.123734   0   0.184807
0.123734   0.001   0.185051
0.123734   0.002   0.1859
0.123734   0.003   0.187704
0.123734   0.004   0.191038
0.123734   0.005   0.196692
0.123734   0.006   0.205648
0.123734   0.007   0.219055
0.123734   0.008   0.238202
0.123734   0.009   0.264473
0.123734   0.01   0.299306
0.128899   0   0.121113
0.128899   0.001   0.121312
0.128899   0.002   0.122025
0.128899   0.003   0.123603
0.128899   0.004   0.126619
0.128899   0.005   0.13186
0.128899   0.006   0.140307
0.128899   0.007   0.15311
0.128899   0.008   0.171559
0.128899   0.009   0.19704
0.128899   0.01   0.230993
0.133882   0   0.0706791
0.133882   0.001   0.070833
0.133882   0.002   0.0714115
0.133882   0.003   0.0727629
0.133882   0.004   0.0754599
0.133882   0.005   0.0802878
0.133882   0.006   0.0882267
0.133882   0.007   0.100427
0.133882   0.008   0.118178
0.133882   0.009   0.142869
0.133882   0.01   0.175944
0.138703   0   0.0336424
0.138703   0.001   0.0337515
0.138703   0.002   0.0341949
0.138703   0.003   0.0353201
0.138703   0.004   0.0376982
0.138703   0.005   0.0421132
0.138703   0.006   0.0495441
0.138703   0.007   0.0611412
0.138703   0.008   0.0781949
0.138703   0.009   0.102097
0.138703   0.01   0.134295
0.143378   0   0.0101406
0.143378   0.001   0.0102048
0.143378   0.002   0.0105132
0.143378   0.003   0.0114121
0.143378   0.004   0.0134714
0.143378   0.005   0.0174736
0.143378   0.006   0.0243967
0.143378   0.007   0.035391
0.143378   0.008   0.0517477
0.143378   0.009   0.0748609
0.143378   0.01   0.106182
0.147922   0   0.00031327
0.147922   0.001   0.000332482
0.147922   0.002   0.000505836
0.147922   0.003   0.00117852
0.147922   0.004   0.00291907
0.147922   0.005   0.00650859
0.147922   0.006   0.0129242
0.147922   0.007   0.0233159
0.147922   0.008   0.0389761
0.147922   0.009   0.0613014
0.147922   0.01   0.0917471
0.152346   0   0.00430168
0.152346   0.001   0.004276
0.152346   0.002   0.0043143
0.152346   0.003   0.00476078
0.152346   0.004   0.00618265
0.152346   0.005   0.00935962
0.152346   0.006   0.0152679
0.152346   0.007   0.0250575
0.152346   0.008   0.0400217
0.152346   0.009   0.0615597
0.152346   0.01   0.0911306
0.156661   0   0.022249
0.156661   0.001   0.0221785
0.156661   0.002   0.0220817
0.156661   0.003   0.0223021
0.156661   0.004   0.0234053
0.156661   0.005   0.0261699
0.156661   0.006   0.0315712
0.156661   0.007   0.040759
0.156661   0.008   0.0550279
0.156661   0.009   0.0757792
0.156661   0.01   0.104476
0.160875   0   0.0543004
0.160875   0.001   0.0541849
0.160875   0.002   0.0539532
0.160875   0.003   0.0539474
0.160875   0.004   0.0547322
0.160875   0.005   0.0570846
0.160875   0.006   0.0619791
0.160875   0.007   0.0705655
0.160875   0.008   0.0841396
0.160875   0.009   0.104105
0.160875   0.01   0.131929
0.164997   0   0.100603
0.164997   0.001   0.100442
0.164997   0.002   0.100076
0.164997   0.003   0.0998438
0.164997   0.004   0.10031
0.164997   0.005   0.102251
0.164997   0.006   0.106639
0.164997   0.007   0.114624
0.164997   0.008   0.127504
0.164997   0.009   0.146685
0.164997   0.01   0.173637
0.169033   0   0.161305
0.169033   0.001   0.161099
0.169033   0.002   0.160598
0.169033   0.003   0.16014
0.169033   0.004   0.160288
0.169033   0.005   0.161817
0.169033   0.006   0.165699
0.169033   0.007   0.173084
0.169033   0.008   0.18527
0.169033   0.009   0.203667
0.169033   0.01   0.229748
0.172989   0   0.236557
0.172989   0.001   0.236307
0.172989   0.002   0.23567
0.172989   0.003   0.234987
0.172989   0.004   0.234817
0.172989   0.005   0.235934
0.172989   0.006   0.23931
0.172989   0.007   0.246096
0.172989   0.008   0.257589
0.172989   0.009   0.275203
0.172989   0.01   0.300414
0.176871   0   0.326513
0.176871   0.001   0.326218
0.176871   0.002   0.325446
0.176871   0.003   0.324537
0.176871   0.004   0.324049
0.176871   0.005   0.324755
0.176871   0.006   0.327626
0.176871   0.007   0.333812
0.176871   0.008   0.344614
0.176871   0.009   0.361445
0.176871   0.01   0.385788
0.180684   0   0.431327
0.180684   0.001   0.430987
0.180684   0.002   0.430081
0.180684   0.003   0.428946
0.180684   0.004   0.42814
0.180684   0.005   0.428435
0.180684   0.006   0.430801
0.180684   0.007   0.436389
0.180684   0.008   0.446499
0.180684   0.009   0.462549
0.180684   0.01   0.486025
0.184431   0   0.551156
0.184431   0.001   0.550771
0.184431   0.002   0.54973
0.184431   0.003   0.54837
0.184431   0.004   0.547247
0.184431   0.005   0.547131
0.184431   0.006   0.548993
0.184431   0.007   0.553982
0.184431   0.008   0.563402
0.184431   0.009   0.578671
0.184431   0.01   0.601281
0.188119   0   0.686159
0.188119   0.001   0.685729
0.188119   0.002   0.684554
0.188119   0.003   0.682968
0.188119   0.004   0.681528
0.188119   0.005   0.681002
0.188119   0.006   0.68236
0.188119   0.007   0.686751
0.188119   0.008   0.695481
0.188119   0.009   0.709972
0.188119   0.01   0.731717
0.191749   0   0.836497
0.191749   0.001   0.836023
0.191749   0.002   0.834713
0.191749   0.003   0.832902
0.191749   0.004   0.831144
0.191749   0.005   0.830209
0.191749   0.006   0.831063
0.191749   0.007   0.834858
0.191749   0.008   0.842899
0.191749   0.009   0.856611
0.191749   0.01   0.877493
0.195325   0   1.00233
0.195325   0.001   1.00181
0.195325   0.002   1.00037
0.195325   0.003   0.998334
0.195325   0.004   0.99626
0.195325   0.005   0.994915
0.195325   0.006   0.995266
0.195325   0.007   0.998465
0.195325   0.008   1.00582
0.195325   0.009   1.01875
0.195325   0.01   1.03877
0.19885   0   1.18383
0.19885   0.001   1.18327
0.19885   0.002   1.18169
0.19885   0.003   1.17943
0.19885   0.004   1.17704
0.19885   0.005   1.17529
0.19885   0.006   1.17514
0.19885   0.007   1.17774
0.19885   0.008   1.18441
0.19885   0.009   1.19657
0.19885   0.01   1.21572
0.202327   0   1.38117
0.202327   0.001   1.38056
0.202327   0.002   1.37885
0.202327   0.003   1.37636
0.202327   0.004   1.37365
0.202327   0.005   1.37149
0.202327   0.006   1.37084
0.202327   0.007   1.37285
0.202327   0.008   1.37883
0.202327   0.009   1.39021
0.202327   0.01   1.40851
0.205758   0   1.5945
0.205758   0.001   1.59385
0.205758   0.002   1.592
0.205758   0.003   1.58929
0.205758   0.004   1.58627
0.205758   0.005   1.5837
0.205758   0.006   1.58255
0.205758   0.007   1.58396
0.205758   0.008   1.58926
0.205758   0.009   1.59987
0.205758   0.01   1.61731
0.209147   0   1.82401
0.209147   0.001   1.82332
0.209147   0.002   1.82134
0.209147   0.003   1.8184
0.209147   0.004   1.81506
0.209147   0.005   1.81208
0.209147   0.006   1.81043
0.209147   0.007   1.81125
0.209147   0.008   1.81587
0.209147   0.009   1.82571
0.209147   0.01   1.84229
0.212494   0   2.06987
0.212494   0.001   2.06913
0.212494   0.002   2.06702
0.212494   0.003   2.06386
0.212494   0.004   2.06021
0.212494   0.005   2.05682
0.212494   0.006   2.05467
0.212494   0.007   2.0549
0.212494   0.008   2.05883
0.212494   0.009   2.0679
0.212494   0.01   2.08363
0.215803   0   2.33226
0.215803   0.001   2.33148
0.215803   0.002   2.32923
0.215803   0.003   2.32585
0.215803   0.004   2.32188
0.215803   0.005   2.31809
0.215803   0.006   2.31543
0.215803   0.007   2.31507
0.215803   0.008   2.31832
0.215803   0.009   2.32662
0.215803   0.01   2.3415
0.219075   0   2.61136
0.219075   0.001   2.61053
0.219075   0.002   2.60815
0.219075   0.003   2.60454
0.219075   0.004   2.60026
0.219075   0.005   2.59606
0.219075   0.006   2.59291
0.219075   0.007   2.59196
0.219075   0.008   2.59453
0.219075   0.009   2.60206
0.219075   0.01   2.61609
0.222311   0   2.90735
0.222311   0.001   2.90647
0.222311   0.002   2.90395
0.222311   0.003   2.90013
0.222311   0.004   2.89553
0.222311   0.005   2.89093
0.222311   0.006   2.88728
0.222311   0.007   2.88574
0.222311   0.008   2.88763
0.222311   0.009   2.89439
0.222311   0.01   2.90757
0.225513   0   3.22041
0.225513   0.001   3.21949
0.225513   0.002   3.21684
0.225513   0.003   3.21279
0.225513   0.004   3.20788
0.225513   0.005   3.20287
0.225513   0.006   3.19872
0.225513   0.007   3.1966
0.225513   0.008   3.19781
0.225513   0.009   3.20381
0.225513   0.01   3.21614
0.228684   0   3.55073
0.228684   0.001   3.54977
0.228684   0.002   3.54699
0.228684   0.003   3.54271
0.228684   0.004   3.53749
0.228684   0.005   3.53208
0.228684   0.006   3.52744
0.228684   0.007   3.52472
0.228684   0.008   3.52526
0.228684   0.009   3.5305
0.228684   0.01   3.54198
0.231824   0   3.89851
0.231824   0.001   3.8975
0.231824   0.002   3.89459
0.231824   0.003   3.89009
0.231824   0.004   3.88456
0.231824   0.005   3.87874
0.231824   0.006   3.87361
0.231824   0.007   3.87031
0.231824   0.008   3.87017
0.231824   0.009   3.87464
0.231824   0.01   3.88529
0.234934   0   4.26394
0.234934   0.001   4.26289
0.234934   0.002   4.25984
0.234934   0.003   4.25512
0.234934   0.004   4.24928
0.234934   0.005   4.24306
0.234934   0.006   4.23743
0.234934   0.007   4.23354
0.234934   0.008   4.23273
0.234934   0.009   4.23645
0.234934   0.01   4.24625
0.238017   0   4.64721
0.238017   0.001   4.64612
0.238017   0.002   4.64294
0.238017   0.003   4.638
0.238017   0.004   4.63184
0.238017   0.005   4.62522
0.238017   0.006   4.6191
0.238017   0.007   4.61463
0.238017   0.008   4.61314
0.238017   0.009   4.6161
0.238017   0.01   4.62506
0.241073   0   5.04853
0.241073   0.001   5.04739
0.241073   0.002   5.04408
0.241073   0.003   5.03892
0.241073   0.004   5.03245
0.241073   0.005   5.02542
0.241073   0.006   5.01881
0.241073   0.007   5.01376
0.241073   0.008   5.0116
0.241073   0.009   5.01381
0.241073   0.01   5.02193
0.244103   0   5.46809
0.244103   0.001   5.46691
0.244103   0.002   5.46346
0.244103   0.003   5.45808
0.244103   0.004   5.4513
0.244103   0.005   5.44388
0.244103   0.006   5.43677
0.244103   0.007   5.43114
0.244103   0.008   5.42832
0.244103   0.009   5.42977
0.244103   0.01   5.43705
0.247108   0   5.9061
0.247108   0.001   5.90488
0.247108   0.002   5.9013
0.247108   0.003   5.8957
0.247108   0.004   5.88861
0.247108   0.005   5.88079
0.247108   0.006   5.87319
0.247108   0.007   5.86698
0.247108   0.008   5.86349
0.247108   0.009   5.86419
0.247108   0.01   5.87064
0.25009   0   6.36278
0.25009   0.001   6.36151
0.25009   0.002   6.3578
0.25009   0.003   6.35198
0.25009   0.004   6.34458
0.25009   0.005   6.33636
0.25009   0.006   6.32827
0.25009   0.007   6.32149
0.25009   0.008   6.31733
0.25009   0.009   6.31727
0.25009   0.01   6.3229
0.253049   0   6.83832
0.253049   0.001   6.83701
0.253049   0.002   6.83317
0.253049   0.003   6.82713
0.253049   0.004   6.81942
0.253049   0.005   6.8108
0.253049   0.006   6.80223
0.253049   0.007   6.79487
0.253049   0.008   6.79005
0.253049   0.009   6.78924
0.253049   0.01   6.79404
0.255986   0   7.33296
0.255986   0.001   7.3316
0.255986   0.002   7.32763
0.255986   0.003   7.32137
0.255986   0.004   7.31336
0.255986   0.005   7.30434
0.255986   0.006   7.29528
0.255986   0.007   7.28734
0.255986   0.008   7.28186
0.255986   0.009   7.28031
0.255986   0.01   7.28427
0.258903   0   7.84689
0.258903   0.001   7.84549
0.258903   0.002   7.84139
0.258903   0.003   7.83491
0.258903   0.004   7.82659
0.258903   0.005   7.81718
0.258903   0.006   7.80764
0.258903   0.007   7.79912
0.258903   0.008   7.79298
0.258903   0.009   7.79068
0.258903   0.01   7.79383
0.261799   0   8.38036
0.261799   0.001   8.37891
0.261799   0.002   8.37468
0.261799   0.003   8.36799
0.261799   0.004   8.35936
0.261799   0.005   8.34955
0.261799   0.006   8.33952
0.261799   0.007   8.33044
0.261799   0.008   8.32363
0.261799   0.009   8.3206
0.261799   0.01   8.32292
0.264677   0   8.93358
0.264677   0.001   8.93209
0.264677   0.002   8.92773
0.264677   0.003   8.92081
0.264677   0.004   8.91188
0.264677   0.005   8.90168
0.264677   0.006   8.89117
0.264677   0.007   8.88151
0.264677   0.008   8.87405
0.264677   0.009   8.87028
0.264677   0.01   8.87178
0.267535   0   9.50678
0.267535   0.001   9.50524
0.267535   0.002   9.50075
0.267535   0.003   9.49362
0.267535   0.004   9.48439
0.267535   0.005   9.47379
0.267535   0.006   9.4628
0.267535   0.007   9.45257
0.267535   0.008   9.44446
0.267535   0.009   9.43994
0.267535   0.01   9.44063
0.270376   0   10.1002
0.270376   0.001   10.0986
0.270376   0.002   10.094
0.270376   0.003   10.0866
0.270376   0.004   10.0771
0.270376   0.005   10.0661
0.270376   0.006   10.0546
0.270376   0.007   10.0439
0.270376   0.008   10.0351
0.270376   0.009   10.0298
0.270376   0.01   10.0297
0.2732   0   10.7141
0.2732   0.001   10.7124
0.2732   0.002   10.7077
0.2732   0.003   10.7001
0.2732   0.004   10.6903
0.2732   0.005   10.6789
0.2732   0.006   10.6669
0.2732   0.007   10.6556
0.2732   0.008   10.6462
0.2732   0.009   10.6402
0.2732   0.01   10.6392
0.276008   0   11.3486
0.276008   0.001   11.3469
0.276008   0.002   11.3421
0.276008   0.003   11.3343
0.276008   0.004   11.3241
0.276008   0.005   11.3124
0.276008   0.006   11.2999
0.276008   0.007   11.288
0.276008   0.008   11.278
0.276008   0.009   11.2712
0.276008   0.01   11.2695
0.278799   0   12.0041
0.278799   0.001   12.0024
0.278799   0.002   11.9974
0.278799   0.003   11.9894
0.278799   0.004   11.9789
0.278799   0.005   11.9668
0.278799   0.006   11.9539
0.278799   0.007   11.9414
0.278799   0.008   11.9307
0.278799   0.009   11.9232
0.278799   0.01   11.9207
0.281576   0   12.6808
0.281576   0.001   12.679
0.281576   0.002   12.6739
0.281576   0.003   12.6657
0.281576   0.004   12.6549
0.281576   0.005   12.6424
0.281576   0.006   12.629
0.281576   0.007   12.616
0.281576   0.008   12.6046
0.281576   0.009   12.5964
0.281576   0.01   12.5931
0.284338   0   13.3789
0.284338   0.001   13.3771
0.284338   0.002   13.3718
0.284338   0.003   13.3634
0.284338   0.004   13.3523
0.284338   0.005   13.3394
0.284338   0.006   13.3256
0.284338   0.007   13.312
0.284338   0.008   13.3
0.284338   0.009   13.2911
0.284338   0.01   13.2869
0.287086   0   14.0987
0.287086   0.001   14.0968
0.287086   0.002   14.0914
0.287086   0.003   14.0828
0.287086   0.004   14.0715
0.287086   0.005   14.0581
0.287086   0.006   14.0438
0.287086   0.007   14.0297
0.287086   0.008   14.017
0.287086   0.009   14.0074
0.287086   0.01   14.0025
0.28982   0   14.8404
0.28982   0.001   14.8385
0.28982   0.002   14.833
0.28982   0.003   14.8242
0.28982   0.004   14.8125
0.28982   0.005   14.7988
0.28982   0.006   14.784
0.28982   0.007   14.7693
0.28982   0.008   14.756
0.28982   0.009   14.7457
0.28982   0.01   14.74
0.292541   0   15.6044
0.292541   0.001   15.6025
0.292541   0.002   15.5968
0.292541   0.003   15.5878
0.292541   0.004   15.5758
0.292541   0.005   15.5617
0.292541   0.006   15.5465
0.292541   0.007   15.5312
0.292541   0.008   15.5173
0.292541   0.009   15.5063
0.292541   0.01   15.4997
0.29525   0   16.3908
0.29525   0.001   16.3889
0.29525   0.002   16.3831
0.29525   0.003   16.3738
0.29525   0.004   16.3616
0.29525   0.005   16.3471
0.29525   0.006   16.3314
0.29525   0.007   16.3156
0.29525   0.008   16.301
0.29525   0.009   16.2893
0.29525   0.01   16.282
0.297947   0   17.2
0.297947   0.001   17.198
0.297947   0.002   17.1921
0.297947   0.003   17.1827
0.297947   0.004   17.1701
0.297947   0.005   17.1553
0.297947   0.006   17.1391
0.297947   0.007   17.1227
0.297947   0.008   17.1076
0.297947   0.009   17.0951
0.297947   0.01   17.087
0.300632   0   18.0323
0.300632   0.001   18.0302
0.300632   0.002   18.0242
0.300632   0.003   18.0145
0.300632   0.004   18.0017
0.300632   0.005   17.9865
0.300632   0.006   17.9698
0.300632   0.007   17.9529
0.300632   0.008   17.9371
0.300632   0.009   17.924
0.300632   0.01   17.9151
0.303306   0   18.8879
0.303306   0.001   18.8858
0.303306   0.002   18.8796
0.303306   0.003   18.8697
0.303306   0.004   18.8566
0.303306   0.005   18.841
0.303306   0.006   18.8239
0.303306   0.007   18.8065
0.303306   0.008   18.79
0.303306   0.009   18.7762
0.303306   0.01   18.7665
0.30597   0   19.7671
0.30597   0.001   19.7649
0.30597   0.002   19.7587
0.30597   0.003   19.7486
0.30597   0.004   19.7351
0.30597   0.005   19.7192
0.30597   0.006   19.7016
0.30597   0.007   19.6836
0.30597   0.008   19.6666
0.30597   0.009   19.652
0.30597   0.01   19.6416
0.308623   0   20.6701
0.308623   0.001   20.668
0.308623   0.002   20.6616
0.308623   0.003   20.6513
0.308623   0.004   20.6376
0.308623   0.005   20.6212
0.308623   0.006   20.6032
0.308623   0.007   20.5847
0.308623   0.008   20.567
0.308623   0.009   20.5517
0.308623   0.01   20.5405
0.311267   0   21.5975
0.311267   0.001   21.5952
0.311267   0.002   21.5887
0.311267   0.003   21.5782
0.311267   0.004   21.5642
0.311267   0.005   21.5475
0.311267   0.006   21.529
0.311267   0.007   21.51
0.311267   0.008   21.4917
0.311267   0.009   21.4757
0.311267   0.01   21.4637
0.313901   0   22.5493
0.313901   0.001   22.547
0.313901   0.002   22.5404
0.313901   0.003   22.5297
0.313901   0.004   22.5154
0.313901   0.005   22.4983
0.313901   0.006   22.4794
0.313901   0.007   22.4598
0.313901   0.008   22.4409
0.313901   0.009   22.4242
0.313901   0.01   22.4115
0.316526   0   23.5259
0.316526   0.001   23.5236
0.316526   0.002   23.5169
0.316526   0.003   23.5059
0.316526   0.004   23.4914
0.316526   0.005   23.4739
0.316526   0.006   23.4545
0.316526   0.007   23.4344
0.316526   0.008   23.4149
0.316526   0.009   23.3976
0.316526   0.01   23.3841
0.319142   0   24.5277
0.319142   0.001   24.5254
0.319142   0.002   24.5185
0.319142   0.003   24.5073
0.319142   0.004   24.4925
0.319142   0.005   24.4747
0.319142   0.006   24.4548
0.319142   0.007   24.4342
0.319142   0.008   24.4141
0.319142   0.009   24.396
0.319142   0.01   24.3818
0.321751   0   25.5549
0.321751   0.001   25.5525
0.321751   0.002   25.5455
0.321751   0.003   25.5342
0.321751   0.004   25.5191
0.321751   0.005   25.5009
0.321751   0.006   25.4806
0.321751   0.007   25.4594
0.321751   0.008   25.4387
0.321751   0.009   25.42
0.321751   0.01   25.405
0.324351   0   26.6079
0.324351   0.001   26.6055
0.324351   0.002   26.5984
0.324351   0.003   26.5869
0.324351   0.004   26.5715
0.324351   0.005   26.5529
0.324351   0.006   26.5322
0.324351   0.007   26.5105
0.324351   0.008   26.4892
0.324351   0.009   26.4698
0.324351   0.01   26.454
0.326944   0   27.6871
0.326944   0.001   27.6846
0.326944   0.002   27.6774
0.326944   0.003   27.6657
0.326944   0.004   27.65
0.326944   0.005   27.6311
0.326944   0.006   27.6099
0.326944   0.007   27.5877
0.326944   0.008   27.5657
0.326944   0.009   27.5457
0.326944   0.01   27.5292
0.329529   0   28.7927
0.329529   0.001   28.7902
0.329529   0.002   28.7828
0.329529   0.003   28.7709
0.329529   0.004   28.7549
0.329529   0.005   28.7357
0.329529   0.006   28.7141
0.329529   0.007   28.6913
0.329529   0.008   28.6688
0.329529   0.009   28.6481
0.329529   0.01   28.6309
0.332108   0   29.9251
0.332108   0.001   29.9226
0.332108   0.002   29.9151
0.332108   0.003   29.903
0.332108   0.004   29.8867
0.332108   0.005   29.8671
0.332108   0.006   29.8451
0.332108   0.007   29.8218
0.332108   0.008   29.7987
0.332108   0.009   29.7773
0.332108   0.01   29.7594
0.33468   0   31.0847
0.33468   0.001   31.0821
0.33468   0.002   31.0745
0.33468   0.003   31.0622
0.33468   0.004   31.0457
0.33468   0.005   31.0257
0.33468   0.006   31.0032
0.33468   0.007   30.9794
0.33468   0.008   30.9557
0.33468   0.009   30.9337
0.33468   0.01   30.915
0.337245   0   32.2718
0.337245   0.001   32.2692
0.337245   0.002   32.2615
0.337245   0.003   32.249
0.337245   0.004   32.2322
0.337245   0.005   32.2118
0.337245   0.006   32.1889
0.337245   0.007   32.1646
0.337245   0.008   32.1404
0.337245   0.009   32.1177
0.337245   0.01   32.0982
0.339805   0   33.4868
0.339805   0.001   33.4842
0.339805   0.002   33.4763
0.339805   0.003   33.4636
0.339805   0.004   33.4465
0.339805   0.005   33.4259
0.339805   0.006   33.4025
0.339805   0.007   33.3777
0.339805   0.008   33.3529
0.339805   0.009   33.3295
0.339805   0.01   33.3094
0.34236   0   34.7301
0.34236   0.001   34.7274
0.34236   0.002   34.7194
0.34236   0.003   34.7065
0.34236   0.004   34.6892
0.34236   0.005   34.6681
0.34236   0.006   34.6444
0.34236   0.007   34.6191
0.34236   0.008   34.5936
0.34236   0.009   34.5697
0.34236   0.01   34.5488
0.344909   0   36.002
0.344909   0.001   35.9993
0.344909   0.002   35.9912
0.344909   0.003   35.9781
0.344909   0.004   35.9605
0.344909   0.005   35.9391
0.344909   0.006   35.9149
0.344909   0.007   35.8891
0.344909   0.008   35.8631
0.344909   0.009   35.8385
0.344909   0.01   35.8169
0.347452   0   37.3029
0.347452   0.001   37.3002
0.347452   0.002   37.292
0.347452   0.003   37.2787
0.347452   0.004   37.2608
0.347452   0.005   37.2391
0.347452   0.006   37.2145
0.347452   0.007   37.1882
0.347452   0.008   37.1616
0.347452   0.009   37.1363
0.347452   0.01   37.1141
0.349992   0   38.6333
0.349992   0.001   38.6305
0.349992   0.002   38.6222
0.349992   0.003   38.6088
0.349992   0.004   38.5906
0.349992   0.005   38.5685
0.349992   0.006   38.5435
0.349992   0.007   38.5167
0.349992   0.008   38.4896
0.349992   0.009   38.4637
0.349992   0.01   38.4407
0.352526   0   39.9936
0.352526   0.001   39.9907
0.352526   0.002   39.9823
0.352526   0.003   39.9687
0.352526   0.004   39.9502
0.352526   0.005   39.9278
0.352526   0.006   39.9024
0.352526   0.007   39.8751
0.352526   0.008   39.8474
0.352526   0.009   39.8209
0.352526   0.01   39.7972
0.355057   0   41.3841
0.355057   0.001   41.3812
0.355057   0.002   41.3727
0.355057   0.003   41.3588
0.355057   0.004   41.3401
0.355057   0.005   41.3174
0.355057   0.006   41.2915
0.355057   0.007   41.2638
0.355057   0.008   41.2355
0.355057   0.009   41.2083
0.355057   0.01   41.184
0.357584   0   42.8053
0.357584   0.001   42.8023
0.357584   0.002   42.7937
0.357584   0.003   42.7797
0.357584   0.004   42.7607
0.357584   0.005   42.7376
0.357584   0.006   42.7114
0.357584   0.007   42.6831
0.357584   0.008   42.6543
0.357584   0.009   42.6265
0.357584   0.01   42.6015
0.360107   0   44.2575
0.360107   0.001   44.2546
0.360107   0.002   44.2459
0.360107   0.003   44.2316
0.360107   0.004   44.2124
0.360107   0.005   44.189
0.360107   0.006   44.1623
0.360107   0.007   44.1336
0.360107   0.008   44.1042
0.360107   0.009   44.0758
0.360107   0.01   44.0501
0.362627   0   45.7414
0.362627   0.001   45.7384
0.362627   0.002   45.7296
0.362627   0.003   45.7151
0.362627   0.004   45.6957
0.362627   0.005   45.6719
0.362627   0.006   45.6449
0.362627   0.007   45.6157
0.362627   0.008   45.5857
0.362627   0.009   45.5567
0.362627   0.01   45.5303
0.365143   0   47.2573
0.365143   0.001   47.2542
0.365143   0.002   47.2453
0.365143   0.003   47.2307
0.365143   0.004   47.211
0.365143   0.005   47.1869
0.365143   0.006   47.1594
0.365143   0.007   47.1297
0.365143   0.008   47.0993
0.365143   0.009   47.0697
0.365143   0.01   47.0426
0.367657   0   48.8056
0.367657   0.001   48.8025
0.367657   0.002   48.7935
0.367657   0.003   48.7787
0.367657   0.004   48.7587
0.367657   0.005   48.7343
0.367657   0.006   48.7064
0.367657   0.007   48.6763
0.367657   0.008   48.6453
0.367657   0.009   48.6151
0.367657   0.01   48.5873
0.370169   0   50.3868
0.370169   0.001   50.3838
0.370169   0.002   50.3746
0.370169   0.003   50.3596
0.370169   0.004   50.3394
0.370169   0.005   50.3147
0.370169   0.006   50.2864
0.370169   0.007   50.2558
0.370169   0.008   50.2243
0.370169   0.009   50.1934
0.370169   0.01   50.1651
0.372678   0   52.0015
0.372678   0.001   51.9984
0.372678   0.002   51.9891
0.372678   0.003   51.974
0.372678   0.004   51.9535
0.372678   0.005   51.9285
0.372678   0.006   51.8998
0.372678   0.007   51.8687
0.372678   0.008   51.8367
0.372678   0.009   51.8053
0.372678   0.01   51.7762
0.375185   0   53.6501
0.375185   0.001   53.647
0.375185   0.002   53.6376
0.375185   0.003   53.6223
0.375185   0.004   53.6015
0.375185   0.005   53.5762
0.375185   0.006   53.5471
0.375185   0.007   53.5156
0.375185   0.008   53.483
0.375185   0.009   53.451
0.375185   0.01   53.4214
0.37769   0   55.3331
0.37769   0.001   55.3299
0.37769   0.002   55.3204
0.37769   0.003   55.305
0.37769   0.004   55.284
0.37769   0.005   55.2583
0.37769   0.006   55.2289
0.37769   0.007   55.1969
0.37769   0.008   55.1638
0.37769   0.009   55.1312
0.37769   0.01   55.1009
0.380194   0   57.0511
0.380194   0.001   57.0478
0.380194   0.002   57.0382
0.380194   0.003   57.0226
0.380194   0.004   57.0014
0.380194   0.005   56.9754
0.380194   0.006   56.9456
0.380194   0.007   56.9132
0.380194   0.008   56.8796
0.380194   0.009   56.8464
0.380194   0.01   56.8154
0.382696   0   58.8045
0.382696   0.001   58.8012
0.382696   0.002   58.7915
0.382696   0.003   58.7757
0.382696   0.004   58.7542
0.382696   0.005   58.7279
0.382696   0.006   58.6977
0.382696   0.007   58.6649
0.382696   0.008   58.6308
0.382696   0.009   58.597
0.382696   0.01   58.5655
0.385198   0   60.5939
0.385198   0.001   60.5906
0.385198   0.002   60.5808
0.385198   0.003   60.5648
0.385198   0.004   60.5431
0.385198   0.005   60.5165
0.385198   0.006   60.4859
0.385198   0.007   60.4526
0.385198   0.008   60.418
0.385198   0.009   60.3837
0.385198   0.01   60.3515
0.387699   0   62.4198
0.387699   0.001   62.4165
0.387699   0.002   62.4066
0.387699   0.003   62.3904
0.387699   0.004   62.3685
0.387699   0.005   62.3416
0.387699   0.006   62.3107
0.387699   0.007   62.2769
0.387699   0.008   62.2418
0.387699   0.009   62.2069
0.387699   0.01   62.1741
0.390199   0   64.2829
0.390199   0.001   64.2795
0.390199   0.002   64.2695
0.390199   0.003   64.2532
0.390199   0.004   64.231
0.390199   0.005   64.2038
0.390199   0.006   64.1725
0.390199   0.007   64.1383
0.390199   0.008   64.1027
0.390199   0.009   64.0673
0.390199   0.01   64.0339
0.392699   0   66.1836
0.392699   0.001   66.1802
0.392699   0.002   66.1701
0.392699   0.003   66.1536
0.392699   0.004   66.1312
0.392699   0.005   66.1037
0.392699   0.006   66.0721
0.392699   0.007   66.0375
0.392699   0.008   66.0014
0.392699   0.009   65.9654
0.392699   0.01   65.9314
0.395199   0   68.1226
0.395199   0.001   68.1192
0.395199   0.002   68.109
0.395199   0.003   68.0923
0.395199   0.004   68.0697
0.395199   0.005   68.0419
0.395199   0.006   68.0099
0.395199   0.007   67.9749
0.395199   0.008   67.9383
0.395199   0.009   67.9018
0.395199   0.01   67.8672
0.397699   0   70.1005
0.397699   0.001   70.0971
0.397699   0.002   70.0868
0.397699   0.003   70.07
0.397699   0.004   70.0471
0.397699   0.005   70.019
0.397699   0.006   69.9867
0.397699   0.007   69.9512
0.397699   0.008   69.9142
0.397699   0.009   69.8772
0.397699   0.01   69.8419
0.4002   0   72.118
0.4002   0.001   72.1145
0.4002   0.002   72.1041
0.4002   0.003   72.0871
0.4002   0.004   72.064
0.4002   0.005   72.0357
0.4002   0.006   72.0029
0.4002   0.007   71.9671
0.4002   0.008   71.9296
0.4002   0.009   71.892
0.4002   0.01   71.8562
0.402702   0   74.1755
0.402702   0.001   74.172
0.402702   0.002   74.1615
0.402702   0.003   74.1444
0.402702   0.004   74.1211
0.402702   0.005   74.0924
0.402702   0.006   74.0594
0.402702   0.007   74.0231
0.402702   0.008   73.9851
0.402702   0.009   73.9471
0.402702   0.01   73.9107
0.405204   0   76.2739
0.405204   0.001   76.2703
0.405204   0.002   76.2598
0.405204   0.003   76.2425
0.405204   0.004   76.219
0.405204   0.005   76.19
0.405204   0.006   76.1566
0.405204   0.007   76.12
0.405204   0.008   76.0815
0.405204   0.009   76.0429
0.405204   0.01   76.006
0.407708   0   78.4137
0.407708   0.001   78.4101
0.407708   0.002   78.3995
0.407708   0.003   78.382
0.407708   0.004   78.3583
0.407708   0.005   78.3291
0.407708   0.006   78.2954
0.407708   0.007   78.2583
0.407708   0.008   78.2194
0.407708   0.009   78.1803
0.407708   0.01   78.1428
0.410213   0   80.5957
0.410213   0.001   80.5921
0.410213   0.002   80.5813
0.410213   0.003   80.5637
0.410213   0.004   80.5398
0.410213   0.005   80.5103
0.410213   0.006   80.4763
0.410213   0.007   80.4388
0.410213   0.008   80.3995
0.410213   0.009   80.3599
0.410213   0.01   80.3218
0.41272   0   82.8206
0.41272   0.001   82.8169
0.41272   0.002   82.8061
0.41272   0.003   82.7883
0.41272   0.004   82.7642
0.41272   0.005   82.7344
0.41272   0.006   82.7
0.41272   0.007   82.6622
0.41272   0.008   82.6224
0.41272   0.009   82.5823
0.41272   0.01   82.5437
0.41523   0   85.089
0.41523   0.001   85.0853
0.41523   0.002   85.0744
0.41523   0.003   85.0565
0.41523   0.004   85.0322
0.41523   0.005   85.0021
0.41523   0.006   84.9674
0.41523   0.007   84.9292
0.41523   0.008   84.889
0.41523   0.009   84.8484
0.41523   0.01   84.8093
0.417741   0   87.4018
0.417741   0.001   87.3981
0.417741   0.002   87.387
0.417741   0.003   87.369
0.417741   0.004   87.3445
0.417741   0.005   87.3142
0.417741   0.006   87.2791
0.417741   0.007   87.2406
0.417741   0.008   87.1999
0.417741   0.009   87.1589
0.417741   0.01   87.1192
0.420255   0   89.7596
0.420255   0.001   89.7559
0.420255   0.002   89.7448
0.420255   0.003   89.7266
0.420255   0.004   89.7019
0.420255   0.005   89.6713
0.420255   0.006   89.636
0.420255   0.007   89.597
0.420255   0.008   89.556
0.420255   0.009   89.5144
0.420255   0.01   89.4742
0.422772   0   92.1634
0.422772   0.001   92.1596
0.422772   0.002   92.1484
0.422772   0.003   92.1301
0.422772   0.004   92.1051
0.422772   0.005   92.0743
0.422772   0.006   92.0387
0.422772   0.007   91.9994
0.422772   0.008   91.9579
0.422772   0.009   91.9159
0.422772   0.01   91.8752
0.425291   0   94.6138
0.425291   0.001   94.61
0.425291   0.002   94.5987
0.425291   0.003   94.5802
0.425291   0.004   94.5551
0.425291   0.005   94.5241
0.425291   0.006   94.4881
0.425291   0.007   94.4484
0.425291   0.008   94.4066
0.425291   0.009   94.3641
0.425291   0.01   94.3229
0.427814   0   97.1117
0.427814   0.001   97.1079
0.427814   0.002   97.0965
0.427814   0.003   97.0779
0.427814   0.004   97.0526
0.427814   0.005   97.0213
0.427814   0.006   96.985
0.427814   0.007   96.945
0.427814   0.008   96.9028
0.427814   0.009   96.8598
0.427814   0.01   96.8181
0.430341   0   99.658
0.430341   0.001   99.6541
0.430341   0.002   99.6427
0.430341   0.003   99.6239
0.430341   0.004   99.5984
0.430341   0.005   99.5669
0.430341   0.006   99.5304
0.430341   0.007   99.49
0.430341   0.008   99.4473
0.430341   0.009   99.404
0.430341   0.01   99.3618
0.432872   0   102.253
0.432872   0.001   102.25
0.432872   0.002   102.238
0.432872   0.003   102.219
0.432872   0.004   102.194
0.432872   0.005   102.162
0.432872   0.006   102.125
0.432872   0.007   102.084
0.432872   0.008   102.041
0.432872   0.009   101.997
0.432872   0.01   101.955
0.435406   0   104.899
0.435406   0.001   104.895
0.435406   0.002   104.884
0.435406   0.003   104.865
0.435406   0.004   104.839
0.435406   0.005   104.807
0.435406   0.006   104.77
0.435406   0.007   104.729
0.435406   0.008   104.685
0.435406   0.009   104.641
0.435406   0.01   104.598
0.437946   0   107.596
0.437946   0.001   107.592
0.437946   0.002   107.58
0.437946   0.003   107.561
0.437946   0.004   107.535
0.437946   0.005   107.503
0.437946   0.006   107.465
0.437946   0.007   107.424
0.437946   0.008   107.38
0.437946   0.009   107.336
0.437946   0.01   107.292
0.44049   0   110.345
0.44049   0.001   110.341
0.44049   0.002   110.329
0.44049   0.003   110.31
0.44049   0.004   110.283
0.44049   0.005   110.251
0.44049   0.006   110.213
0.44049   0.007   110.172
0.44049   0.008   110.127
0.44049   0.009   110.082
0.44049   0.01   110.038
0.443039   0   113.146
0.443039   0.001   113.142
0.443039   0.002   113.131
0.443039   0.003   113.111
0.443039   0.004   113.085
0.443039   0.005   113.052
0.443039   0.006   113.014
0.443039   0.007   112.972
0.443039   0.008   112.928
0.443039   0.009   112.882
0.443039   0.01   112.838
0.445593   0   116.002
0.445593   0.001   115.998
0.445593   0.002   115.986
0.445593   0.003   115.967
0.445593   0.004   115.94
0.445593   0.005   115.907
0.445593   0.006   115.869
0.445593   0.007   115.827
0.445593   0.008   115.782
0.445593   0.009   115.736
0.445593   0.01   115.691
0.448153   0   118.913
0.448153   0.001   118.909
0.448153   0.002   118.897
0.448153   0.003   118.877
0.448153   0.004   118.851
0.448153   0.005   118.818
0.448153   0.006   118.779
0.448153   0.007   118.737
0.448153   0.008   118.691
0.448153   0.009   118.645
0.448153   0.01   118.6
0.450719   0   121.88
0.450719   0.001   121.876
0.450719   0.002   121.864
0.450719   0.003   121.844
0.450719   0.004   121.817
0.450719   0.005   121.784
0.450719   0.006   121.745
0.450719   0.007   121.702
0.450719   0.008   121.657
0.450719   0.009   121.61
0.450719   0.01   121.565
0.453291   0   124.904
0.453291   0.001   124.9
0.453291   0.002   124.888
0.453291   0.003   124.868
0.453291   0.004   124.841
0.453291   0.005   124.808
0.453291   0.006   124.769
0.453291   0.007   124.726
0.453291   0.008   124.68
0.453291   0.009   124.633
0.453291   0.01   124.587
0.455869   0   127.987
0.455869   0.001   127.983
0.455869   0.002   127.971
0.455869   0.003   127.951
0.455869   0.004   127.923
0.455869   0.005   127.89
0.455869   0.006   127.851
0.455869   0.007   127.807
0.455869   0.008   127.761
0.455869   0.009   127.714
0.455869   0.01   127.667
0.458455   0   131.129
0.458455   0.001   131.125
0.458455   0.002   131.113
0.458455   0.003   131.093
0.458455   0.004   131.065
0.458455   0.005   131.032
0.458455   0.006   130.992
0.458455   0.007   130.948
0.458455   0.008   130.902
0.458455   0.009   130.854
0.458455   0.01   130.807
0.461047   0   134.332
0.461047   0.001   134.328
0.461047   0.002   134.316
0.461047   0.003   134.296
0.461047   0.004   134.268
0.461047   0.005   134.234
0.461047   0.006   134.194
0.461047   0.007   134.151
0.461047   0.008   134.104
0.461047   0.009   134.056
0.461047   0.01   134.008
0.463648   0   137.597
0.463648   0.001   137.593
0.463648   0.002   137.581
0.463648   0.003   137.561
0.463648   0.004   137.533
0.463648   0.005   137.499
0.463648   0.006   137.459
0.463648   0.007   137.415
0.463648   0.008   137.368
0.463648   0.009   137.319
0.463648   0.01   137.272
0.466256   0   140.926
0.466256   0.001   140.922
0.466256   0.002   140.909
0.466256   0.003   140.889
0.466256   0.004   140.861
0.466256   0.005   140.827
0.466256   0.006   140.787
0.466256   0.007   140.742
0.466256   0.008   140.695
0.466256   0.009   140.646
0.466256   0.01   140.598
0.468872   0   144.319
0.468872   0.001   144.315
0.468872   0.002   144.302
0.468872   0.003   144.282
0.468872   0.004   144.254
0.468872   0.005   144.22
0.468872   0.006   144.179
0.468872   0.007   144.135
0.468872   0.008   144.087
0.468872   0.009   144.038
0.468872   0.01   143.99
0.471497   0   147.779
0.471497   0.001   147.774
0.471497   0.002   147.762
0.471497   0.003   147.741
0.471497   0.004   147.713
0.471497   0.005   147.679
0.471497   0.006   147.638
0.471497   0.007   147.593
0.471497   0.008   147.545
0.471497   0.009   147.496
0.471497   0.01   147.448
0.474131   0   151.306
0.474131   0.001   151.301
0.474131   0.002   151.289
0.474131   0.003   151.268
0.474131   0.004   151.24
0.474131   0.005   151.205
0.474131   0.006   151.165
0.474131   0.007   151.12
0.474131   0.008   151.071
0.474131   0.009   151.022
0.474131   0.01   150.973
0.476775   0   154.902
0.476775   0.001   154.898
0.476775   0.002   154.885
0.476775   0.003   154.864
0.476775   0.004   154.836
0.476775   0.005   154.801
0.476775   0.006   154.76
0.476775   0.007   154.715
0.476775   0.008   154.667
0.476775   0.009   154.617
0.476775   0.01   154.568
0.479428   0   158.569
0.479428   0.001   158.564
0.479428   0.002   158.552
0.479428   0.003   158.531
0.479428   0.004   158.503
0.479428   0.005   158.467
0.479428   0.006   158.427
0.479428   0.007   158.381
0.479428   0.008   158.332
0.479428   0.009   158.282
0.479428   0.01   158.233
0.482092   0   162.308
0.482092   0.001   162.303
0.482092   0.002   162.291
0.482092   0.003   162.27
0.482092   0.004   162.242
0.482092   0.005   162.206
0.482092   0.006   162.165
0.482092   0.007   162.119
0.482092   0.008   162.071
0.482092   0.009   162.02
0.482092   0.01   161.97
0.484766   0   166.121
0.484766   0.001   166.117
0.484766   0.002   166.104
0.484766   0.003   166.083
0.484766   0.004   166.054
0.484766   0.005   166.019
0.484766   0.006   165.978
0.484766   0.007   165.932
0.484766   0.008   165.883
0.484766   0.009   165.832
0.484766   0.01   165.782
0.487451   0   170.01
0.487451   0.001   170.005
0.487451   0.002   169.993
0.487451   0.003   169.972
0.487451   0.004   169.943
0.487451   0.005   169.907
0.487451   0.006   169.866
0.487451   0.007   169.82
0.487451   0.008   169.771
0.487451   0.009   169.72
0.487451   0.01   169.67
0.490148   0   173.976
0.490148   0.001   173.972
0.490148   0.002   173.959
0.490148   0.003   173.938
0.490148   0.004   173.909
0.490148   0.005   173.874
0.490148   0.006   173.832
0.490148   0.007   173.786
0.490148   0.008   173.736
0.490148   0.009   173.685
0.490148   0.01   173.635
0.492857   0   178.022
0.492857   0.001   178.017
0.492857   0.002   178.005
0.492857   0.003   177.984
0.492857   0.004   177.955
0.492857   0.005   177.919
0.492857   0.006   177.877
0.492857   0.007   177.831
0.492857   0.008   177.781
0.492857   0.009   177.73
0.492857   0.01   177.679
0.495578   0   182.149
0.495578   0.001   182.145
0.495578   0.002   182.132
0.495578   0.003   182.111
0.495578   0.004   182.082
0.495578   0.005   182.046
0.495578   0.006   182.004
0.495578   0.007   181.958
0.495578   0.008   181.908
0.495578   0.009   181.856
0.495578   0.01   181.805
0.498313   0   186.359
0.498313   0.001   186.355
0.498313   0.002   186.342
0.498313   0.003   186.321
0.498313   0.004   186.292
0.498313   0.005   186.256
0.498313   0.006   186.214
0.498313   0.007   186.168
0.498313   0.008   186.118
0.498313   0.009   186.066
0.498313   0.01   186.015
0.50106   0   190.656
0.50106   0.001   190.651
0.50106   0.002   190.638
0.50106   0.003   190.617
0.50106   0.004   190.588
0.50106   0.005   190.552
0.50106   0.006   190.51
0.50106   0.007   190.463
0.50106   0.008   190.413
0.50106   0.009   190.362
0.50106   0.01   190.31
0.503822   0   195.039
0.503822   0.001   195.035
0.503822   0.002   195.022
0.503822   0.003   195.001
0.503822   0.004   194.972
0.503822   0.005   194.936
0.503822   0.006   194.894
0.503822   0.007   194.847
0.503822   0.008   194.796
0.503822   0.009   194.745
0.503822   0.01   194.693
0.506599   0   199.513
0.506599   0.001   199.509
0.506599   0.002   199.496
0.506599   0.003   199.475
0.506599   0.004   199.446
0.506599   0.005   199.409
0.506599   0.006   199.367
0.506599   0.007   199.32
0.506599   0.008   199.27
0.506599   0.009   199.218
0.506599   0.01   199.166
0.50939   0   204.08
0.50939   0.001   204.075
0.50939   0.002   204.062
0.50939   0.003   204.041
0.50939   0.004   204.012
0.50939   0.005   203.976
0.50939   0.006   203.933
0.50939   0.007   203.886
0.50939   0.008   203.836
0.50939   0.009   203.784
0.50939   0.01   203.732
0.512198   0   208.741
0.512198   0.001   208.737
0.512198   0.002   208.724
0.512198   0.003   208.702
0.512198   0.004   208.673
0.512198   0.005   208.637
0.512198   0.006   208.595
0.512198   0.007   208.547
0.512198   0.008   208.497
0.512198   0.009   208.445
0.512198   0.01   208.393
0.515022   0   213.5
0.515022   0.001   213.496
0.515022   0.002   213.483
0.515022   0.003   213.461
0.515022   0.004   213.432
0.515022   0.005   213.396
0.515022   0.006   213.354
0.515022   0.007   213.306
0.515022   0.008   213.256
0.515022   0.009   213.204
0.515022   0.01   213.152
0.517863   0   218.36
0.517863   0.001   218.355
0.517863   0.002   218.342
0.517863   0.003   218.321
0.517863   0.004   218.292
0.517863   0.005   218.255
0.517863   0.006   218.213
0.517863   0.007   218.166
0.517863   0.008   218.115
0.517863   0.009   218.063
0.517863   0.01   218.011
0.520722   0   223.323
0.520722   0.001   223.318
0.520722   0.002   223.305
0.520722   0.003   223.284
0.520722   0.004   223.254
0.520722   0.005   223.218
0.520722   0.006   223.176
0.520722   0.007   223.128
0.520722   0.008   223.078
0.520722   0.009   223.025
0.520722   0.01   222.973
0.523599   0   228.392
0.523599   0.001   228.387
0.523599   0.002   228.374
0.523599   0.003   228.353
0.523599   0.004   228.324
0.523599   0.005   228.287
0.523599   0.006   228.245
0.523599   0.007   228.197
0.523599   0.008   228.147
0.523599   0.009   228.094
0.523599   0.01   228.042
0.526495   0   233.571
0.526495   0.001   233.566
0.526495   0.002   233.553
0.526495   0.003   233.532
0.526495   0.004   233.502
0.526495   0.005   233.466
0.526495   0.006   233.423
0.526495   0.007   233.376
0.526495   0.008   233.325
0.526495   0.009   233.273
0.526495   0.01   233.221
0.529412   0   238.862
0.529412   0.001   238.858
0.529412   0.002   238.845
0.529412   0.003   238.823
0.529412   0.004   238.794
0.529412   0.005   238.758
0.529412   0.006   238.715
0.529412   0.007   238.668
0.529412   0.008   238.617
0.529412   0.009   238.565
0.529412   0.01   238.512
0.532349   0   244.27
0.532349   0.001   244.266
0.532349   0.002   244.253
0.532349   0.003   244.231
0.532349   0.004   244.202
0.532349   0.005   244.166
0.532349   0.006   244.123
0.532349   0.007   244.076
0.532349   0.008   244.025
0.532349   0.009   243.973
0.532349   0.01   243.92
0.535308   0   249.798
0.535308   0.001   249.794
0.535308   0.002   249.781
0.535308   0.003   249.759
0.535308   0.004   249.73
0.535308   0.005   249.694
0.535308   0.006   249.651
0.535308   0.007   249.604
0.535308   0.008   249.553
0.535308   0.009   249.501
0.535308   0.01   249.449
0.53829   0   255.45
0.53829   0.001   255.446
0.53829   0.002   255.433
0.53829   0.003   255.411
0.53829   0.004   255.382
0.53829   0.005   255.346
0.53829   0.006   255.303
0.53829   0.007   255.256
0.53829   0.008   255.206
0.53829   0.009   255.153
0.53829   0.01   255.101
0.541296   0   261.23
0.541296   0.001   261.226
0.541296   0.002   261.213
0.541296   0.003   261.192
0.541296   0.004   261.163
0.541296   0.005   261.126
0.541296   0.006   261.084
0.541296   0.007   261.037
0.541296   0.008   260.986
0.541296   0.009   260.934
0.541296   0.01   260.882
0.544326   0   267.143
0.544326   0.001   267.139
0.544326   0.002   267.126
0.544326   0.003   267.104
0.544326   0.004   267.075
0.544326   0.005   267.039
0.544326   0.006   266.997
0.544326   0.007   266.95
0.544326   0.008   266.899
0.544326   0.009   266.847
0.544326   0.01   266.795
0.547381   0   273.193
0.547381   0.001   273.189
0.547381   0.002   273.176
0.547381   0.003   273.154
0.547381   0.004   273.125
0.547381   0.005   273.089
0.547381   0.006   273.047
0.547381   0.007   273
0.547381   0.008   272.95
0.547381   0.009   272.897
0.547381   0.01   272.846
0.550464   0   279.385
0.550464   0.001   279.38
0.550464   0.002   279.367
0.550464   0.003   279.346
0.550464   0.004   279.317
0.550464   0.005   279.281
0.550464   0.006   279.239
0.550464   0.007   279.192
0.550464   0.008   279.142
0.550464   0.009   279.09
0.550464   0.01   279.038
0.553574   0   285.724
0.553574   0.001   285.719
0.553574   0.002   285.706
0.553574   0.003   285.685
0.553574   0.004   285.656
0.553574   0.005   285.62
0.553574   0.006   285.578
0.553574   0.007   285.531
0.553574   0.008   285.481
0.553574   0.009   285.43
0.553574   0.01   285.378
0.556714   0   292.215
0.556714   0.001   292.211
0.556714   0.002   292.198
0.556714   0.003   292.177
0.556714   0.004   292.148
0.556714   0.005   292.112
0.556714   0.006   292.07
0.556714   0.007   292.024
0.556714   0.008   291.974
0.556714   0.009   291.922
0.556714   0.01   291.871
